0,278
70,4
70,3
70,2
0,9
70,1
70,0
0,273
0,270
69,49
69,48
69,47
69,46
69,45
69,44
69,43
69,42
69,41
69,40
69,39
69,38
69,37
69,36
69,35
3,2
3,1
3,3
10,131
10,191
10,75
10,215
10,145
10,123
10,233
10,1
10,273
10,2
10,3
11,16
11,25
11,21
11,8
11,13
11,22
11,1
11,11
11,2
11,3
9,7
9,1
9,5
9,2
9,3
8,9
8,7
8,5
8,8
8,16
8,13
8,1
8,14
8,2
8,3
12,2
12,1
12,3
68,5
68,4
68,3
20,2
68,2
20,1
68,1
68,0
67,4
67,3
20,3
67,2
67,1
67,0
66,4
66,3
19,2
19,1
66,2
66,1
66,0
65,5
65,4
65,3
65,2
19,3
65,1
65,0
64,5
64,4
64,3
64,2
64,1
64,0
63,5
63,4
63,3
63,2
63,1
63,0
62,5
62,4
62,3
62,2
62,1
62,0
61,4
61,3
61,2
61,1
61,0
60,4
60,3
